2 34 54
4 12 34 12 34
6 12 45 45 12 67 89
8 24 12 44 67 24 23 67 23
10 24 4 65 24 2 3 23 56 46 32
12 12 16 40 81 24 3 43 90 57 60 7 41
14 54 40 42 27 98 30 62 50 67 85 99 88 89 72
16 90 81 33 65 60 53 55 2 7 58 6 65 95 76 34 80
18 92 72 2 69 85 2 55 35 2 12 26 15 47 63 39 42 91 55
20 94 57 98 22 71 23 46 51 1 35 61 68 69 87 88 30 24 44 42 15
22 20 23 19 76 52 32 13 38 11 22 72 33 2 10 7 14 35 34 25 17 44 41
24 21 33 70 10 17 38 11 62 5 30 57 65 7 40 85 77 22 6 75 50 83 96 48 80
26 84 379 53 9 38 39 39 90 37 47 56 42 79 78 83 15 41 14 87 73 68 9 57 93 4 12
28 50 39 37 30 11 80 65 22 5 73 46 96 78 74 16 88 2 42 36 2 7 89 45 12 18 9 34 32
30 51 42 31 33 91 71 88 51 46 51 58 50 91 62 42 10 2 74 35 80 75 84 44 63 66 41 45 31 6 15
